10000
20000
30000
40000
50000
60000
70000
80000
90000
100000
0
10000
20000
30000
40000
50000
60000
70000
80000
90000
100000
0
10000
20000
30000
40000
50000
60000
70000
80000
90000
100000
0
10000
20000
30000
40000
50000
60000
70000
80000
90000
100000
0
10000
20000
30000
40000
50000
60000
70000
80000
90000
100000
0
10000
19997
29997
39997
49997
59987
69987
79976
89976
99976
87
10087
19980
29970
39959
49959
59949
69949
79939
89939
99939
488
10148
19929
29904
39894
49884
59884
69874
79864
89864
99864
626
10296
19965
29965
39955
49845
59845
69835
79835
89828
99798
790
10560
20010
29890
39890
49867
59747
69727
79717
89697
99695
1116
10766
20086
29970
39854
49844
59614
69596
79596
89576
99576
1434
10984
20319
29973
39753
49741
59511
69498
79488
89475
99475
1994
10900
20340
29881
39720
49595
59452
69320
79290
89277
99249
2215
11545
20645
30085
39747
49520
59292
69292
79179
89171
99161
2467
11564
20656
29963
39713
49473
59353
69226
78992
88979
98961
2924
11701
20469
29900
39560
49339
59229
69213
79086
88946
98824
3638
11868
20639
29878
39548
49330
59107
69096
78974
88854
98724
3885
11985
20758
30076
39508
49378
58940
68920
78790
88664
98539
4576
12042
20700
30021
39562
49452
58983
68735
78588
88448
98336
4934
12403
20622
29946
39573
49212
58740
68600
78474
88234
98104
5684
12713
20929
29920
39349
49105
58758
68508
78396
88156
97912
5789
13124
21317
30065
39252
48898
58540
68280
78134
87774
97534
6448
13259
21567
30114
39397
48805
58428
68047
77912
87519
97138
6360
13701
21877
30333
39398
48930
58354
68008
77748
87390
97029
7197
14100
21980
30303
39244
48668
58170
67731
77450
86842
96677
8303
14614
22265
30540
39414
48508
58021
67348
76955
86461
96295
9261
15132
22665
30403
39035
48203
57672
67182
76685
86075
95792
10338
15870
23261
30788
38540
47870
57444
66603
76168
85751
95459
11601
16025
23408
31129
38947
47783
57171
66292
75631
85097
94873
12464
17013
23755
31483
39330
47598
56957
65906
75052
84558
94128
13075
17960
24330
31512
39428
47508
56644
65119
74361
83877
93372
13902
18463
25136
31914
39533
47891
56751
64813
73961
83281
92990
14450
19266
25729
32239
39506
47674
56287
64680
73512
82760
92223
15126
19558
26187
32172
39738
47348
56150
64414
73094
82497
91710
16364
19988
26374
32402
39439
47305
56124
64280
72986
82010
90928
17229
20653
26225
32070
39241
47242
55932
64387
73110
82004
90784
17879
21024
26971
32373
38818
46834
55205
63826
72568
81585
90365
19873
22063
27122
32653
39346
46849
54720
63055
71815
80605
89483
20746
23185
27793
33028
38880
46432
54602
62359
71162
80296
89121
22182
23927
28229
33190
38869
46543
54260
62137
70854
79744
88687
23342
24524
28994
33533
38948
45854
53589
60974
69848
78685
87605
24567
25597
30014
33985
39680
46463
53358
60855
69436
77820
86764
25670
26317
30078
34114
39682
46433
53267
61014
68958
77242
85347
26666
26692
30333
34109
39515
46037
53205
60819
68766
76222
84494
27025
27539
31234
34770
40207
45682
52705
60311
67919
75944
83916
27872
28307
31154
35250
40558
46267
52560
59933
67593
75283
82951
29581
28641
31978
35249
40189
46000
51957
59541
66902
74287
82197
30679
29786
32621
35282
39951
45602
51639
58708
66969
74357
82295
32297
30784
32693
35329
39423
45489
51248
58464
66191
74088
81871
33786
32459
33392
34385
39174
45442
50362
57388
65143
73249
81518
34835
33071
34363
35501
39543
45235
50135
57059
63997
72460
80375
34942
33321
34972
36667
40582
44758
49736
56934
63413
71455
79680
36251
35111
35586
37065
40922
45016
49056
56105
63151
70715
78900
36100
35822
36223
38012
41674
45239
49259
55481
61935
69604
77255
36369
35712
36806
38329
42426
46191
50931
56619
62392
68665
76220
36423
35107
35968
37244
41366
45735
50898
57340
62454
69101
75895
37064
36359
36142
36953
41105
45662
50090
56065
62174
68634
75662
39079
37280
37126
37902
41053
45219
50103
55894
61022
67314
74954
38918
37284
37147
38585
41420
46078
49745
55929
61483
67377
74504
40031
37897
37691
37970
41111
45227
49439
55634
61218
67406
73221
39337
37849
38624
39209
40674
45537
49540
55617
60943
66439
72400
40882
38703
38870
39305
41104
45207
49459
55079
60464
66011
72112
41760
39567
39032
39757
40744
44516
49365
54646
59782
65478
71945
42287
40318
40232
40673
41456
44429
48068
53605
59652
64632
70849
41765
40861
40562
41931
42570
45007
49664
53370
58580
64077
69607
41832
40755
40081
42302
44152
45285
49290
53747
58200
62775
68826
42507
41395
39695
41824
43662
46209
49359
52637
58200
62413
68942
43670
41591
41012
41421
43972
45888
49286
52597
58023
62188
67467
42684
41336
40452
42154
44138
45366
49017
52463
57946
62183
68282
45048
42712
41853
42082
44410
44846
48142
51358
56760
60909
67218
45972
43723
43079
42451
44148
45309
47804
50457
56002
60781
65404
44879
43193
44266
43166
44499
46215
49018
51942
56448
60225
65373
45241
43004
43524
42533
44324
46609
49003
52394
55985
58887
64683
46166
44403
43533
42282
43928
45461
48448
51902
56128
59577
64610
46325
44395
44583
43496
44099
44934
47622
51308
56111
59454
64072
46885
44834
44989
42730
44449
45372
47809
51266
56547
60155
64035
46394
44238
45053
44321
45242
46075
47844
50861
55029
58738
62456
46292
43990
44962
44824
45543
46317
48260
51830
55942
58634
61940
46251
43675
43946
43494
44809
46885
48933
52055
56003
59471
61905
46922
45225
44524
43115
44205
46663
48356
50816
55590
59157
62451
47245
45169
44792
44594
44795
47560
48041
49535
54390
58810
62275
46900
45005
45043
44518
45183
47350
48347
49320
54578
58350
62152
47657
45739
44957
44194
46179
47787
49117
49622
54211
57896
60646
47601
46829
46114
45266
45852
45914
48464
49615
53750
57314
60523
47866
47355
46074
45490
45773
46606
49362
50658
53533
57533
60013
47902
47439
45831
45446
45131
46795
48174
50305
52802
56108
59330
48499
47902
47642
45410
45301
46574
48106
50243
53050
56953
59642
48705
47977
47347
45283
45029
45774
47271
49227
52481
57103
60647
48616
48579
47960
45253
46251
46788
47883
49480
51610
55520
58802
48548
48594
47983
44763
46664
47166
48386
50428
52746
55133
57853
48142
48203
47206
45316
46022
47208
48086
49872
52830
55727
58017
